GRB,Tstart,E051,k,dk,B14,dB14,fmHz,dfmHz,alpha,dalpha,chi2,dof,p-val
050315,138.141837167,12.8831010164,1.50000,0.53684,2.62727,0.21894,4.29004,0.09716,0.00000,0.58680,6.17328,184.00000,1.00000
050318,21.5085024693,7.71321771578,1.50000,5.29955,13.39244,7.27139,3.31947,0.12637,1.00000,3.30533,56.18432,75.00000,0.94865
050401,16.5552366419,139.957269411,0.86467,0.04351,4.66186,0.16827,14.13998,0.22700,0.00000,0.33911,107.18991,318.00000,1.00000
050505,23.888527738,53.5240417636,1.05795,0.55555,5.03380,0.44245,8.74431,0.11423,0.78814,0.79927,183.43465,190.00000,0.62037
050730,50.5409744771,1583.03078239,1.50000,0.66066,1.59387,0.10516,47.55494,0.52418,1.00000,0.48013,2406.84234,527.00000,0.00000
050904,86.5510760604,807.574948701,0.93688,0.41690,1.28817,0.19717,33.96584,3.25720,1.00000,1.90185,2413.66404,206.00000,0.00000
060115,271.582510113,15.8706290138,0.48560,0.18015,6.25235,0.79180,4.76155,0.32149,0.00000,2.27561,9.97881,20.00000,0.96855
060418,145.814479827,49.7111307271,0.30685,0.02297,0.00010,10.24333,8.42709,0.29923,0.00373,0.00000,101.62673,104.00000,0.54756
060512,10.200895678,18.4356741753,0.37238,0.04489,0.18274,0.18495,5.13193,0.34951,0.00000,282.60464,43.20596,35.00000,0.16072
060522,145.867583983,8.299173648,0.79992,7.68092,27.46713,35.47789,3.44325,2.08247,0.18914,21.62532,1.91955,7.00000,0.96416
060604,27.1739130435,221.695115893,0.53111,0.03422,0.03669,0.01474,17.79627,0.86338,0.00000,128.65951,1958.01034,195.00000,0.00000
060707,271.39152023,25.4473242457,0.59576,0.11795,2.98581,0.28649,6.02937,0.22258,0.00000,1.32149,19.64132,24.00000,0.71698
060926,23.8095238095,7.95383105135,1.50000,0.94234,27.84323,3.65105,3.37085,0.15338,0.00000,1.09241,6.43424,19.00000,0.99667
060927,4.25692226173,26.8202228055,0.63831,0.58349,19.47009,1.74908,6.18988,0.91102,1.00000,3.41940,1.47297,14.00000,0.99999
070110,29.8507462687,26.3923013044,0.37871,0.14864,6.17421,0.95537,6.14030,0.34625,1.00000,2.07405,1444.37752,187.00000,0.00000
070518,902.705833221,0.401520299038,0.49514,0.62999,13.85280,3.66526,0.75736,0.09508,0.00000,5.55526,11.97262,7.00000,0.10146
070802,135.575403272,2.11051028899,0.98261,0.93147,15.84387,5.05712,1.73638,0.21316,0.00000,4.61564,14.99601,7.00000,0.03605
071020,317.863954228,627.706158105,0.04171,0.04173,99.48526,43131096.25767,29.94533,2067146.39229,1.00000,173977.45739,135.05603,85.00000,0.00045
080411,49.2610837438,55.4164723814,0.31649,0.02016,4.88601,0.44243,8.89755,0.14583,1.00000,0.58390,302.61056,397.00000,0.99986
080607,108.048473327,65.2374374189,0.76416,0.11524,14.56154,0.95624,9.65383,0.19939,1.00000,0.66298,72.37059,111.00000,0.99830
080710,54.2005420054,2.71015331575,0.58495,0.26487,21.68131,2.69743,1.96765,0.10587,1.00000,1.65030,80.50501,62.00000,0.05718
080721,5.29294643879,278.17600669,0.74546,0.07460,6.93457,0.08908,19.93475,0.23503,0.00000,0.31913,899.16231,1380.00000,1.00000
080810,123.455585372,25.7035495002,1.21605,14.52207,11.47276,26.75070,6.05965,0.96041,0.24465,15.31767,33.25190,59.00000,0.99728
080928,234.556633636,5.55305860862,0.97641,0.80080,18.25681,1.58107,2.81655,0.17590,1.00000,1.73283,62.27496,73.00000,0.81039
081008,267.721009344,7.85290894728,1.49377,24.13769,14.29594,44.65020,3.34939,0.17022,0.39913,14.73691,28.33065,43.00000,0.95861
090102,8.20296871164,58.202538648,0.44970,0.04188,17.46775,2.97784,9.11847,0.29436,1.00000,0.90537,103.97300,135.00000,0.97803
090423,67.0211958545,48.4905038864,1.50000,2.37223,8.25083,2.33424,8.32299,0.25308,0.20121,1.60079,16.93540,38.00000,0.99876
090519,20.618556701,246.817244214,1.07354,0.19072,0.10102,0.08462,18.77754,5.73402,0.00000,1338.71262,15.23446,19.00000,0.70758
090529,759.787228507,18.5122412324,1.12568,12.98079,2.46394,6.32860,5.14257,0.20456,0.00000,15.45113,0.42863,5.00000,0.99450
090812,219.750166579,55.8835842353,0.38118,0.21005,10.83211,3.97302,8.93497,0.37173,1.00000,3.86635,12.84282,27.00000,0.99021
090927,421.94092827,1.43819605173,0.43126,0.57285,17.82147,2.53594,1.43338,0.06987,1.00000,4.19726,27.71913,25.00000,0.32094
091020,59.8453910465,12.934937775,0.40387,0.11766,23.61912,0.98127,4.29866,0.12074,0.00000,1.32486,168.07872,206.00000,0.97521
051016B,112.980872958,2.5710913142,1.14491,0.19486,9.42335,0.50480,1.91650,0.04584,0.00000,0.57036,70.42253,63.00000,0.24327
051109A,164.042051898,54.7681585366,0.29427,0.06518,6.09175,0.69481,8.84535,0.21437,0.77717,1.18618,215.20238,161.00000,0.00279
060223A,6.26329308945,1117.74999865,0.00100,0.44478,0.00010,4894.48650,39.95980,8843.95952,0.27114,0.00000,286.54122,14.00000,0.00000
061110A,902.045072545,0.226468603361,0.31553,0.13425,12.58218,4.04328,0.56879,0.09379,1.00000,4.15094,3.47330,6.00000,0.74752
070721B,21.616947687,621.772805818,1.50000,2.09033,5.92453,1.03218,29.80347,1.75162,0.70138,1.85712,2270.63268,175.00000,0.00000
080319C,3.38983050847,556.560520979,0.17581,0.06526,6.66354,4.82296,28.19728,2.56363,1.00000,2.76638,356.30356,73.00000,0.00000
080603B,42.951035026,26.8983831652,0.56956,0.42414,11.46015,2.74973,6.19889,1.28744,0.00000,5.49920,2.50240,30.00000,1.00000
081203A,75.6202843652,30.1624121563,0.75503,0.73214,24.48703,2.51211,6.56423,0.72526,0.00000,2.75027,70.21272,179.00000,1.00000
090429B,13.5820917752,26.8071042003,1.50000,0.87571,20.12854,3.41857,6.18837,0.42646,0.00000,1.11769,10.21379,16.00000,0.85523
090516A,159.097771807,34.0784555536,1.25696,0.96568,6.94400,0.82620,6.97736,0.12982,1.00000,0.99133,137.82017,133.00000,0.36964
091109A,87.049408546,40.163508943,0.00778,0.08845,10.59630,50.89672,7.57472,40.82588,1.00000,2.89103,3.15434,21.00000,1.00000
091208B,30.5844568337,3.34097284657,0.40003,0.25282,21.82297,2.36991,2.18468,0.16142,0.00000,2.91711,74.75623,61.00000,0.11089
100316B,102.69363021,0.721812762995,1.50000,3.17394,44.89465,12.34388,1.01546,0.13125,1.00000,2.97013,2.99062,8.00000,0.93494
100425A,173.73143097,1.38655069857,0.56549,0.08249,13.61707,1.81877,1.40740,0.09440,0.00000,1.65638,13.65609,19.00000,0.80336
100513A,21.8109045702,36.5351293639,0.46971,0.08204,0.68285,0.17501,7.22448,0.66822,0.00000,9.44843,117.84081,60.00000,0.00001
100728A,372.026718357,145.329911515,0.63175,0.13520,5.98084,0.24160,14.40882,0.31939,0.43886,0.79116,187.93645,251.00000,0.99890
100814A,246.95065003,37.4884930719,0.78059,0.08341,1.71459,0.05272,7.31813,0.08102,1.00000,0.29959,630.78085,327.00000,0.00000
100901A,560.200532638,11.3575115418,1.15657,1.28044,3.10363,0.66558,4.02803,0.06683,1.00000,1.32471,603.79222,267.00000,0.00000
110715A,34.6679859605,1749.99998836,0.00108,0.02072,2.08023,19.42352,50.00000,474.95603,1.00000,1.75905,544.06986,257.00000,0.00000
110808A,338.29992961,0.824180477439,0.53218,0.24440,10.78182,1.13405,1.08508,0.06468,0.00000,2.40354,0.55041,9.00000,0.99995
110818A,363.50761295,12.7949866936,1.23638,25.52397,13.64418,57.54335,4.27534,0.63528,0.21465,25.02990,9.59868,34.00000,0.99999
111123A,264.109788068,7.96307233378,1.22742,3.82223,9.83231,5.23752,3.37281,0.12704,1.00000,3.34246,10.19485,40.00000,1.00000
120802A,64.4348505528,11.8854009427,1.50000,0.84003,8.49497,5.79815,4.12058,1.41156,0.68667,4.14290,3.70914,22.00000,1.00000
121024A,303.214069133,12.2220565156,1.04446,22.14315,8.03608,37.47512,4.17853,0.42828,0.00000,31.20862,14.67046,43.00000,0.99998
121211A,311.891915215,2.71576941314,0.59136,1.79149,12.93588,4.93987,1.96969,0.07807,0.48132,6.85927,45.18944,66.00000,0.97654
130408A,264.646922807,117.867174105,0.43146,1.10083,30.79486,753.06986,12.97620,107.15072,0.00000,51.54365,138.98618,47.00000,0.00000
130418A,59.4344787447,464.517981446,0.46470,0.48293,8.57441,3.16062,25.76038,3.78167,0.00000,4.16713,541.81021,92.00000,0.00000
130420A,137.669902489,3.81438251343,0.27204,0.05393,8.15458,0.68158,2.33433,0.04912,1.00000,1.14216,31.40093,84.00000,1.00000
130505A,305.810397554,338.907402782,0.65222,0.06666,2.11464,0.07626,22.00349,0.32643,0.90710,0.39672,207.29066,276.00000,0.99927
130511A,13.7293346944,10.4087151681,0.05491,0.07326,0.00022,8251.98278,3.85611,1.80178,0.00178,0.00000,15.23193,24.00000,0.91379
130514A,217.391304348,116.164262653,0.37215,0.26177,4.70119,0.82053,12.88212,0.71459,1.00000,2.70421,0.10994,25.00000,1.00000
130606A,144.65499783,69.5863757838,0.95262,0.84666,6.86506,0.69854,9.97041,0.62047,1.00000,1.95292,6.01142,35.00000,1.00000
131030A,131.588310257,52.6778144329,0.25720,0.04852,11.63104,0.81286,8.67491,0.10134,0.00000,0.93509,365.33925,311.00000,0.01832
140213A,143.245047118,67.8879370157,0.24741,0.18775,4.51020,0.48371,9.84798,0.23992,0.00000,3.05414,183.53873,193.00000,0.67566
140419A,63.8070552899,417.313875071,0.45597,0.05953,4.29687,0.11444,24.41644,0.28490,0.82208,0.55807,88.38307,357.00000,1.00000
140423A,23.4741784038,69.9429665398,0.24427,0.08535,100.00000,17482.96549,9.99593,398.30626,1.00000,322.93920,130.40015,96.00000,0.01122
140430A,201.849023173,4.36991584273,1.50000,60.46095,8.29405,55.96516,2.49855,1.30675,1.00000,28.60008,166.47787,42.00000,0.00000
140509A,93.0081664755,20.5429204489,0.12633,0.04965,0.00010,3063.25516,5.41729,0.27467,0.00000,0.00000,25.72321,35.00000,0.87363
140515A,68.4682013152,99.6049150603,1.50000,2.04876,2.83378,0.69745,11.92865,0.72725,1.00000,1.80353,53.64039,49.00000,0.30097
140629A,30.534351145,21.9990558519,0.65971,0.11273,16.33090,0.65371,5.60600,0.11993,1.00000,0.66161,39.55837,107.00000,1.00000
