GRB,Tstart,E051,k,dk,B14,dB14,omikHz,domikHz,chi2,dof,p-val
050315,138.141837167,0.0289664472369,1.35355,0.50231,3.27156,0.21398,1.45597,0.02960,6.13113,185.00000,1.00000
050318,21.5085024693,0.0326584889627,2.00000,0.04144,17.29752,0.57468,1.75440,0.05407,65.97237,76.00000,0.78740
050401,16.5552366419,1.0051297584,1.71689,0.65000,11.62928,1.07635,0.62832,0.01191,622.10111,319.00000,0.00000
050505,23.888527738,0.141688848031,2.00000,0.26154,5.51277,0.18559,0.71041,0.00745,184.13065,191.00000,0.62610
050730,50.5409744771,5.79092472155,1.39864,1.82346,12.50152,5.43853,0.62832,0.04307,123444.84004,528.00000,0.00000
050904,86.5510760604,1.09326457124,2.00000,9.09109,5.81062,4.93446,0.62832,0.07023,27199.76170,207.00000,0.00000
060115,271.582510113,39.40860628,0.15575,0.13392,9.68020,1.52846,1.01399,0.27091,10.10589,21.00000,0.97750
060418,145.814479827,35.92697307,0.63711,0.07309,45.69624,4.23703,1.35917,0.02642,75.26643,105.00000,0.98740
060512,31.5237813212,36893.8766997,0.01576,0.14901,100.00000,203.28774,0.62832,3.31067,208.98939,36.00000,0.00000
060522,145.867583983,4.11314095982,0.85476,0.44900,34.00988,7.42000,1.78785,0.09120,1.94416,8.00000,0.98268
060604,98.6625148832,0.317218604746,0.49403,0.12465,9.26808,0.71396,1.68231,0.06465,64.66798,68.00000,0.59215
060707,271.39152023,7.31920900354,0.25936,0.14446,4.92484,0.62716,0.94114,0.09404,22.41489,25.00000,0.61169
060926,23.8095238095,0.23420874118,1.39297,0.93303,34.76537,6.22807,1.84948,0.06668,5.99899,20.00000,0.99890
060927,4.25692226173,2.02825566565,0.61587,0.13422,31.48396,2.81162,0.86179,0.02347,1.25000,15.00000,1.00000
070110,98.8451108903,1.18656624594,0.69062,0.13944,8.13734,0.98456,1.08348,0.03107,871.64995,141.00000,0.00000
070518,902.705833221,7080.97081046,0.00104,0.02641,2.10313,25.32648,0.62832,8.01240,11.87394,8.00000,0.15692
070802,135.575403272,2470.08504034,0.00525,0.18203,7.21620,112.05929,0.62832,10.74509,14.76905,8.00000,0.06379
071020,982.29352591,4.59075908426,1.62795,1.56835,2.79404,0.70706,0.62832,0.02643,396.57799,78.00000,0.00000
080411,49.2610837438,7.70325592804,0.35343,0.01574,6.81359,0.37854,0.64880,0.01043,303.71407,398.00000,0.99986
080607,108.048473327,43.0729536453,1.13051,0.14314,17.66121,1.21931,0.62832,0.00849,75.38591,112.00000,0.99687
080710,54.2005420054,0.0438053601129,0.79903,0.23545,26.50120,3.96411,3.10994,0.13558,83.47307,63.00000,0.04318
080721,31.8931561527,8.17656764959,1.48711,0.37272,18.72471,2.05450,0.62832,0.01223,55104.47874,1376.00000,0.00000
080810,123.455585372,2.05973138574,1.50927,0.54233,13.46835,1.99815,1.03274,0.03704,33.29992,60.00000,0.99797
080928,234.556633636,0.324160925016,1.99999,1.46796,20.38950,4.16593,2.16322,0.10103,63.23394,74.00000,0.80960
081008,267.721009344,0.4591921555,2.00000,0.02390,16.75264,0.27408,1.86257,0.02509,29.03807,44.00000,0.95991
090102,8.20296871164,9.54035227302,0.54160,0.04231,22.37365,2.02955,0.62832,0.01227,105.99394,136.00000,0.97334
090423,67.0211958545,1.18557968842,2.00000,0.74778,9.56272,0.99393,0.75355,0.02011,16.45343,39.00000,0.99943
090519,98.6866169737,0.392838140407,2.00000,1.41157,51.76995,9.42080,2.74485,0.17834,1.17838,6.00000,0.97794
090529,759.787228507,0.43044009776,1.08866,0.72833,3.03777,0.47917,1.21852,0.04461,0.42727,6.00000,0.99861
090812,219.750166579,170.040032053,0.43560,0.12674,14.87680,3.03016,0.63948,0.02207,13.04994,28.00000,0.99267
090927,1334.29437138,0.36052135796,0.74225,0.38302,19.59771,3.82918,4.39975,0.21814,21.65611,22.00000,0.48057
091020,59.8453910465,26.0168711627,0.32119,0.02820,38.84643,1.99119,1.27472,0.01569,203.09438,207.00000,0.56370
051016B,112.980872958,525.884180003,0.00757,0.01788,4.38816,4.41869,0.62832,0.72451,91.00405,64.00000,0.01491
051109A,164.042051898,45.7024451451,0.32620,0.03728,8.22282,0.80761,0.64566,0.01742,216.01581,162.00000,0.00292
060223A,9.92665057986,0.057616302672,2.00000,7.93068,48.67053,39.95956,2.09751,0.30959,174.47684,15.00000,0.00000
061110A,1567.57467464,7689.18185598,0.00061,0.00417,1.27007,3.99473,0.62832,2.16173,2.19732,6.00000,0.90069
070721B,76.699824737,6.01020071925,1.99999,6.14507,12.33746,8.58304,0.62832,0.05753,2564.75385,77.00000,0.00000
080319C,9.7763779767,1.49127131783,1.02712,1.34117,13.07890,11.21787,0.62832,0.09955,3231.86808,57.00000,0.00000
080603B,42.951035026,325.490564801,0.10059,0.26559,20.95623,9.42029,0.62832,0.58053,2.84489,31.00000,1.00000
081203A,75.6202843652,32.3838329738,0.74462,0.08394,31.17772,2.27869,0.91959,0.01076,73.82040,180.00000,1.00000
090429B,13.5820917752,1.47602392352,1.04233,0.61015,26.65758,5.75340,0.99013,0.05320,7.69887,17.00000,0.97257
090516A,159.097771807,1.28625276319,2.00000,1.16302,8.27225,1.21080,0.86619,0.01921,147.40222,134.00000,0.20234
091109A,87.049408546,113.915830639,0.05662,0.05431,35.37085,8.63435,1.46945,0.59458,2.53570,22.00000,1.00000
091208B,62.4454460346,1.56541921941,0.25908,0.04490,36.73054,2.39364,2.52108,0.07809,55.52740,62.00000,0.70622
100425A,173.73143097,6.39304101957,0.04411,0.01617,11.80177,2.29653,2.14305,0.34822,13.37336,20.00000,0.86080
100513A,102.017265308,1911.09587918,0.01801,0.11996,13.59678,37.97279,0.62832,1.98523,18.63212,24.00000,0.77131
100728A,372.026718357,8.61018751992,2.00000,0.11697,6.43861,0.36740,0.62832,0.01583,2095.32070,252.00000,0.00000
100814A,246.95065003,0.0700857693564,2.00000,0.52612,1.77347,0.09512,0.86165,0.00974,683.99438,328.00000,0.00000
100901A,560.200532638,0.0609594903923,2.00000,0.89044,3.34921,0.25138,1.52246,0.02720,624.90807,268.00000,0.00000
110715A,34.6679859605,250.668126958,0.07897,0.01953,18.10454,0.90112,0.62832,0.05384,530.70474,258.00000,0.00000
110808A,338.29992961,1662.43851847,0.00214,0.02232,2.38749,11.74923,0.62832,3.28844,0.74377,10.00000,0.99996
110818A,363.50761295,2.55452950761,1.49584,0.72195,16.05933,2.20523,1.46536,0.03350,9.60993,35.00000,0.99999
111123A,264.109788068,0.189576251985,2.00000,0.20356,11.32768,0.71823,1.82238,0.04034,10.57997,41.00000,1.00000
120802A,64.4348505528,0.210016872176,1.04956,1.24155,9.63330,1.27228,1.39254,0.22194,3.73372,23.00000,1.00000
121024A,303.214069133,0.896811626513,1.04957,0.45839,9.82510,1.41136,1.50155,0.04826,14.67679,44.00000,0.99999
121211A,311.891915215,0.154911432131,0.74540,0.29668,15.34434,1.40351,3.18412,0.14571,45.23822,67.00000,0.98097
130408A,1558.35661404,11.4951330612,2.00000,6.50677,6.66569,5.85049,0.89855,0.13061,96.82795,24.00000,0.00000
130418A,59.4344787447,15.2435116304,2.00000,7.91735,20.10819,30.12805,0.62832,0.06687,11928.77295,93.00000,0.00000
130420A,137.669902489,3.02965591065,0.12292,0.05646,15.46196,1.26467,2.09849,0.30951,42.58423,85.00000,0.99997
130505A,305.810397554,1.17476401245,2.00000,0.36542,3.18824,0.39741,0.62832,0.02886,8265.87133,277.00000,0.00000
130511A,31.4520887455,0.940740938458,0.47472,0.12513,91.59390,11.01561,3.21680,0.10214,7.15679,25.00000,0.99982
130514A,217.391304348,1.54318226819,1.99999,3.15844,4.24570,1.58489,0.62832,0.03728,0.55914,26.00000,1.00000
130606A,144.65499783,3.76055503611,2.00000,0.02365,7.47731,0.33874,0.62832,0.01317,6.27937,36.00000,1.00000
131030A,131.588310257,300.333148137,0.25150,0.01897,18.41918,1.02136,0.62832,0.00920,407.29496,312.00000,0.00022
140213A,143.245047118,13.6163492748,0.37216,0.05891,5.05862,0.35527,0.62832,0.01795,193.50541,194.00000,0.49652
140419A,63.8070552899,21.0976539422,0.77763,0.37427,14.11644,3.62967,0.62832,0.03287,7532.18696,358.00000,0.00000
140423A,97.8566627865,6.92591912077,0.50086,0.12941,11.71409,1.21496,0.94335,0.03935,51.22398,96.00000,0.99995
140430A,201.849023173,0.0267369089684,2.00000,4.87985,9.11299,2.66491,2.39378,0.34015,168.29453,43.00000,0.00000
140509A,586.841857344,1.50805325254,2.00000,0.31382,25.57524,2.24672,2.27042,0.09657,7.18005,20.00000,0.99605
140515A,68.4682013152,0.560395352778,2.00000,0.70157,4.86019,0.78178,0.62832,0.04735,73.20976,50.00000,0.01785
140629A,30.534351145,4.02424061484,0.73090,0.12022,24.20804,1.63999,1.03092,0.01549,64.12930,108.00000,0.99975
