GRB,Tstart,E051,k,dk,B14,dB14,Pms,dPms,alpha,dalpha,chi2,dof,p-val
060605,41.5679648952,0.517303709403,2.00000,0.16442,10.05568,0.23796,1.02229,0.01623,1.00000,0.02692,49.45993,73.00000,0.98430
060714,123.204363778,3.82769477266,0.31273,0.10282,10.24841,0.71847,1.00024,0.04307,1.00000,1.06612,33.91346,43.00000,0.83782
060814,265.656097409,2.49462222223,0.37742,0.06781,7.65902,0.34639,1.15319,0.02371,1.00000,0.61332,184.37280,168.00000,0.18357
060906,70.6036506359,0.114197851149,1.30883,2.69785,12.93401,5.04808,2.09205,0.07157,1.00000,2.32546,27.80237,34.00000,0.76441
060908,4.89852110079,1.16575322756,0.44907,0.09550,41.78519,3.89398,1.33336,0.03449,1.00000,0.95741,19.99528,30.00000,0.91666
061121,111.080198045,1.96235896826,0.62709,0.16147,7.06706,0.41903,0.90828,0.00743,0.00000,0.71550,211.31723,253.00000,0.97355
070306,210.259399139,0.197329058775,2.00000,0.07989,2.43358,0.05351,0.97065,0.01009,1.00000,0.02865,188.84747,141.00000,0.00443
070318,3682.36914702,2.3815086808,0.11373,0.46571,8.56841,6.26701,2.30940,2.70833,0.00000,7.66936,100.57935,61.00000,0.00107
070508,45.7013061045,4.6047672924,0.71307,0.19564,12.27705,0.89758,0.74292,0.00482,0.00000,0.64127,501.55554,482.00000,0.26014
070521,47.7454661405,0.618863090515,1.34829,16.11830,9.54333,23.88033,1.04718,0.02678,0.18987,12.47184,52.01520,79.00000,0.99182
070529,57.0074947134,6.84293101997,0.25341,0.06023,26.50415,3.74092,1.09545,0.04201,1.00000,1.37096,11.06288,30.00000,0.99937
080310,350.514412425,0.684364880078,1.27158,1.45541,7.92656,1.59083,1.51498,0.02720,1.00000,1.35819,58.46636,66.00000,0.73363
080430,230.549110246,0.11776653136,0.44197,0.03760,7.75051,0.30784,3.48718,0.06135,0.00000,0.52844,127.96692,141.00000,0.77678
081029,20.6274881908,0.110464966236,2.00000,2.50647,7.56611,1.47115,1.11507,0.02579,1.00000,0.78036,92.96040,80.00000,0.15244
081221,71.9088593656,21.4875909075,0.33997,0.03497,20.84933,1.51290,0.69813,0.00796,1.00000,0.52209,384.26850,268.00000,0.00000
090205,73.7821917647,0.15048908491,2.00000,77.33008,17.00771,109.20830,2.07741,0.08090,0.71326,22.36892,15.43966,30.00000,0.98701
091029,153.368853235,1.39800254091,0.22768,0.08977,6.01575,0.27487,1.14340,0.08572,1.00000,0.86151,131.78001,129.00000,0.41555
060607A,125.639731502,1.74743266154,1.99999,50.16097,5.07059,20.08106,0.69813,0.07786,1.00000,14.51945,15955.42868,169.00000,0.00000
061222A,74.1861286518,0.816695852866,1.07921,7.81338,3.60092,5.96251,0.69813,0.01819,0.00000,10.29244,3598.38498,334.00000,0.00000
081028A,1425.06175665,1.77394275577,2.00000,0.16017,3.25446,0.10276,0.98637,0.01649,1.00000,0.08222,615.23987,167.00000,0.00000
090418A,45.0497528734,1.26825109513,1.61108,101.57698,6.60666,78.42659,0.69813,0.02507,0.49358,50.20902,65.62228,110.00000,0.99975
100219A,106.333419111,1.80909775865,2.00000,18.72616,5.62049,8.88734,0.69813,0.05654,1.00000,5.38660,207.13657,25.00000,0.00000
100906A,133.141934276,0.473652245903,2.00000,49.28368,9.75757,39.66098,1.35739,0.02263,0.75834,14.22120,216.18215,125.00000,0.00000
110213A,69.0342948155,1.3801835791,1.26256,0.30666,7.47088,0.28582,0.83659,0.00949,1.00000,0.35970,285.63808,226.00000,0.00438
110422A,36.1010830325,3.22135752802,0.76838,0.47829,9.88980,1.12605,0.69813,0.00661,0.00000,1.49134,169.70078,266.00000,1.00000
111008A,52.7943781123,1.05977808001,1.15444,16.66352,4.98906,15.90736,0.69813,0.03239,0.12129,18.77098,1052.42712,136.00000,0.00000
120118B,80.1997884902,0.144474892979,1.78520,34.36985,8.30395,31.38969,1.54149,0.27759,0.00000,15.74552,10.07436,33.00000,0.99996
120327A,52.3278865714,4.88753771649,1.05821,12.29865,11.85348,31.06533,0.69813,0.02467,0.00000,17.16924,130.86865,58.00000,0.00000
120404A,138.553095039,1.18063129241,1.99999,10.94506,13.30272,11.13118,1.22949,0.04853,1.00000,2.88711,15.92013,35.00000,0.99767
120521C,124.423369994,0.316692691688,2.00000,0.42756,12.07585,3.42799,1.64686,0.25273,1.00000,2.32836,0.50131,5.00000,0.99208
120811C,71.6499044374,5.14733000657,0.62181,1.52129,8.80824,4.29301,0.69813,0.05880,0.00000,5.60807,31.46987,45.00000,0.93684
120907A,50.7614213198,2.03599610871,0.09091,0.04874,21.91579,2.93563,1.58741,0.29513,1.00000,1.13892,64.40862,86.00000,0.96051
120922A,198.251345406,15.1783398046,0.10818,0.07868,10.26335,2.06332,0.78689,0.17571,0.92330,1.67188,13.68159,69.00000,1.00000
121128A,47.2987890136,6.47977098169,0.86129,0.32267,13.37220,1.18211,0.69813,0.01180,1.00000,0.79135,97.84524,89.00000,0.24453
131105A,141.544823649,1.37834853508,0.22606,0.12002,11.08710,0.65992,1.51637,0.15725,1.00000,1.51858,16.49177,49.00000,1.00000
131117A,78.9581853537,37.4150305462,0.01455,0.07882,24.35954,74.71752,0.69813,1.77807,1.00000,6.25213,0.23321,10.00000,1.00000
140206A,134.36655057,7.11802948031,0.71793,2.55415,8.34600,5.91296,0.69813,0.05691,0.00005,9.13580,26654.39196,441.00000,0.00000
140506A,334.016593161,6.09587995565,0.26527,0.14474,3.79448,0.29487,0.69813,0.05056,0.00000,1.78166,193.50706,144.00000,0.00373
140512A,205.688921295,4.59607192175,0.92762,2.15182,5.48237,2.92824,0.69813,0.01248,0.00000,3.83822,844.95818,362.00000,0.00000
