GRB,Tstart,E051,k,dk,B14,dB14,Pms,dPms,alpha,dalpha,chi2,dof,p-val
060605,41.5679648952,0.517024268552,2.00000,0.10973,10.05571,0.03717,1.02229,0.00371,1.00000,0.05249,49.46231,73.00000,0.98429
060714,123.204363778,3.9554617839,0.32525,0.11117,9.91692,0.72217,1.01858,0.03894,1.00000,1.12356,34.93571,43.00000,0.80446
060814,265.656097409,2.56897550906,0.38147,0.07106,7.58396,0.34817,1.16046,0.02240,1.00000,0.64632,184.37183,168.00000,0.18359
060906,70.6036506359,0.114128687,1.27987,3.01319,13.01226,6.10528,2.08958,0.07319,1.00000,2.59015,27.77128,34.00000,0.76573
060908,4.89852110079,1.2378841963,0.44983,0.09567,41.67637,3.88726,1.33586,0.03454,1.00000,0.95706,19.96177,30.00000,0.91753
061121,111.080198045,1.97083265986,0.63218,0.17278,7.02212,0.42406,0.90979,0.00706,0.00000,0.76299,212.22363,253.00000,0.97065
070306,210.259399139,0.197317093099,2.00000,0.13310,2.43362,0.06838,0.97065,0.01309,1.00000,0.03281,188.84705,141.00000,0.00443
070318,3682.36914702,1.65060496082,0.16435,0.92022,7.91017,3.58249,2.70769,2.47371,0.00000,12.79859,99.31833,61.00000,0.00141
070508,45.7013061045,4.62373991039,0.72778,0.23153,12.07162,0.93872,0.74483,0.00563,0.00000,0.75431,502.34560,482.00000,0.25217
070521,47.7454661405,0.617173907594,1.34839,23.07602,9.54469,34.31473,1.04706,0.02564,0.18908,17.79611,52.01498,79.00000,0.99182
070529,57.0074947134,7.3124709957,0.25957,0.06796,25.38805,3.61324,1.16652,0.03959,1.00000,1.61715,11.17024,30.00000,0.99930
080310,350.514412425,0.684863314202,1.27056,1.44447,7.92821,1.58234,1.51491,0.02724,1.00000,1.34953,58.46115,66.00000,0.73379
080430,230.549110246,0.162099177712,0.16695,0.09908,9.64944,0.47343,2.85284,0.37981,0.00000,1.28000,114.28312,141.00000,0.95193
081029,20.6274881908,0.10837480911,2.00000,1.22563,7.56618,0.74658,1.11508,0.02633,1.00000,0.38777,92.96037,80.00000,0.15244
081221,71.9088593656,32.7871516558,0.25982,0.02983,23.83585,2.46793,0.69813,0.01048,1.00000,0.69289,324.14152,268.00000,0.01067
090205,73.7821917647,0.150361278134,2.00000,144.47628,17.00860,204.66539,2.07736,0.09131,0.71291,41.56246,15.43396,30.00000,0.98705
091029,153.368853235,1.42438184451,0.23737,0.09697,5.94454,0.27648,1.15681,0.08439,1.00000,0.91803,135.50769,129.00000,0.33001
060607A,125.639731502,1.7479639352,2.00000,0.27418,5.07140,0.02059,0.69813,0.00358,1.00000,0.13602,15955.37618,169.00000,0.00000
061222A,74.1861286518,0.810837324484,1.08364,8.28098,3.59575,6.29290,0.69813,0.01849,0.00000,10.79069,3599.24651,334.00000,0.00000
081028A,1425.06175665,1.77447408402,2.00000,2.42046,3.25496,0.60563,0.98636,0.02262,1.00000,0.74539,615.24000,167.00000,0.00000
090418A,45.0497528734,1.28342356733,1.59314,75.14606,6.62140,58.88882,0.69813,0.02506,0.50064,38.44230,65.61292,110.00000,0.99975
100219A,106.333419111,1.80986177815,2.00000,14.25369,5.62171,6.32879,0.69813,0.05812,1.00000,4.29022,207.13434,25.00000,0.00000
100906A,133.141934276,0.473631001134,2.00000,48.39000,9.75761,38.94911,1.35739,0.02248,0.75833,13.96026,216.18354,125.00000,0.00000
110213A,69.0342948155,1.38114176091,1.26309,0.30734,7.46972,0.28595,0.83661,0.00949,1.00000,0.36023,285.69089,226.00000,0.00435
110422A,36.1010830325,3.37956947346,0.76524,0.47682,9.90569,1.11490,0.69813,0.00709,0.00000,1.50377,169.55419,266.00000,1.00000
111008A,52.7943781123,1.0645132052,1.15023,15.86782,4.99353,15.20581,0.69813,0.03241,0.12551,18.04204,1052.38033,136.00000,0.00000
120118B,80.1997884902,0.160266748357,1.61256,82.53987,8.41389,88.45662,1.53521,0.56383,0.00000,46.09110,10.06391,33.00000,0.99996
120327A,52.3278865714,5.93502091418,0.88464,2.94267,12.35119,8.07096,0.69813,0.02458,0.24190,6.43176,129.32371,58.00000,0.00000
120404A,138.553095039,1.18061448015,2.00000,0.22142,13.30261,0.14279,1.22949,0.01699,1.00000,0.09267,15.92015,35.00000,0.99767
120521C,124.423369994,0.316637617486,2.00000,11.23697,12.07519,7.86560,1.64683,0.30316,1.00000,1.69224,0.50135,5.00000,0.99207
120811C,71.6499044374,5.64180801849,0.59163,1.98372,8.86093,5.18781,0.69813,0.06382,0.00000,8.34942,30.67977,45.00000,0.94904
120907A,50.7614213198,2.77747692735,0.07841,0.04043,20.28899,2.33821,1.55236,0.30716,1.00000,1.04468,65.53247,86.00000,0.95085
120922A,198.251345406,16.6229849906,0.11242,0.07836,9.03901,0.98320,0.88005,0.19324,1.00000,1.35571,13.97874,69.00000,1.00000
121128A,47.2987890136,6.78774504749,0.84413,0.32375,13.41130,1.13886,0.69813,0.01215,1.00000,0.84310,95.35480,89.00000,0.30323
131105A,141.544823649,1.41660649349,0.23057,0.12614,10.90369,0.64910,1.53238,0.15635,1.00000,1.55400,16.70185,49.00000,1.00000
131117A,78.9581853537,0.854047157405,0.89186,0.06367,14.08039,2.35513,2.45060,0.22573,0.00000,2.23171,0.59424,10.00000,0.99998
140206A,134.36655057,8.24153290526,0.64659,2.05120,8.75063,4.85073,0.69813,0.04808,0.00029,9.26421,26509.55660,441.00000,0.00000
140506A,334.016593161,6.92586094189,0.25680,0.15303,3.65450,0.28238,0.69813,0.05089,0.00000,1.99507,183.12589,144.00000,0.01527
140512A,205.688921295,4.75996639795,0.90181,2.10646,5.53204,2.91382,0.69813,0.01070,0.00000,4.02839,840.62432,362.00000,0.00000
