GRB,Tstart,E051,alphax,k,dk,B14,dB14,fmHz,dfmHz,chi2,dof,p-val
050315,138.141837167,12.7612770674,0.1,1.50000,0.36416,2.63967,0.11859,4.26971,0.05887,6.18082,185.00000,1.00000
050318,21.5085024693,9.16563427325,0.1,1.50000,0.87901,15.23743,3.17313,3.61853,0.22516,67.24536,76.00000,0.75324
050401,16.5552366419,139.112246814,0.1,0.85287,0.02743,4.67134,0.16519,14.09723,0.17462,107.94553,319.00000,1.00000
050505,23.888527738,55.1555220087,0.1,1.50000,0.35588,4.79765,0.31251,8.87658,0.12272,185.34694,191.00000,0.60177
050730,50.5409744771,1558.73150889,0.1,1.50000,0.28736,1.71071,0.08791,47.18855,0.55836,3179.13719,528.00000,0.00000
050904,86.5510760604,906.399725709,0.1,0.95161,0.25158,1.17423,0.14624,35.98412,1.53008,2463.88502,207.00000,0.00000
060115,271.582510113,15.7936492106,0.1,0.47826,0.09312,6.25876,0.76317,4.74998,0.17734,10.01182,21.00000,0.97876
060418,145.814479827,13.5048047558,0.1,0.63182,0.06959,36.16610,3.14569,4.39233,0.05465,75.02199,105.00000,0.98807
060512,262.203392311,7.28098078842,0.1,0.14274,0.06451,0.00010,1269.62206,3.22512,0.12853,4.19541,16.00000,0.99852
060522,145.867583983,8.34051533645,0.1,0.83096,0.37407,27.33850,4.83868,3.45181,0.14819,1.91982,8.00000,0.98337
060604,58.0967959104,16.9081375791,0.1,0.20244,0.07313,3.00405,0.65816,4.91472,0.28012,249.87250,78.00000,0.00000
060707,271.39152023,25.4166846323,0.1,0.58931,0.09171,2.97768,0.26324,6.02574,0.21345,19.74610,25.00000,0.76001
060926,23.8095238095,7.92609019185,0.1,1.50000,0.61556,27.76438,3.21648,3.36496,0.12438,6.48158,20.00000,0.99807
060927,4.25692226173,29.9592374677,0.1,0.91223,0.13684,19.36944,1.34413,6.54209,0.20043,1.34020,15.00000,1.00000
061007,139.923790273,283.08621897,0.1,0.67814,0.02241,100.00000,38.38603,20.10992,4.90924,700.27146,720.00000,0.69396
070110,298.507462687,22.6055979578,0.1,0.78745,0.18974,5.89237,0.88291,5.68276,0.15446,857.53017,136.00000,0.00000
070518,902.705833221,0.400410539511,0.1,0.48482,0.24007,13.88212,3.27479,0.75632,0.07328,12.03506,8.00000,0.14965
070802,135.575403272,2.10675016295,0.1,0.96528,0.48853,15.80616,4.44445,1.73483,0.18751,15.13852,8.00000,0.05651
071020,3.82156527215,219.340379861,0.1,0.12724,0.01972,23.83640,5.55723,17.70151,0.69384,246.85832,192.00000,0.00462
071117,4.29000429,440.843284134,0.1,0.00100,0.13827,0.00010,372.51658,25.09534,1721.65591,11.87016,26.00000,0.99188
080411,49.2610837438,57.8916912463,0.1,0.35100,0.01549,5.38721,0.29813,9.09409,0.10140,303.99164,398.00000,0.99985
080607,108.048473327,68.9416033332,0.1,1.04478,0.11107,14.65643,0.90000,9.92411,0.12690,75.04839,112.00000,0.99714
080710,54.2005420054,2.82778181198,0.1,0.76874,0.21196,21.74838,3.06278,2.00990,0.07908,83.38660,63.00000,0.04377
080721,5.29294643879,276.209138654,0.1,0.72312,0.01251,6.93910,0.08892,19.86415,0.06592,899.48102,1381.00000,1.00000
080810,123.455585372,25.7996146615,0.1,1.36717,0.40208,11.22626,1.50453,6.07096,0.20672,33.26860,60.00000,0.99800
080928,234.556633636,6.02388711947,0.1,1.50000,0.67119,17.94475,2.95062,2.93352,0.14229,63.72325,74.00000,0.79726
081008,267.721009344,7.97994714249,0.1,1.50000,0.45185,14.57472,1.23901,3.37638,0.06011,29.21176,44.00000,0.95776
090102,8.20296871164,62.2122042673,0.1,0.49808,0.03870,19.62466,2.05875,9.42733,0.13906,104.33884,136.00000,0.97990
090423,67.0211958545,48.8882756971,0.1,1.50000,0.55877,8.33655,1.08908,8.35706,0.21350,16.97606,39.00000,0.99918
090519,124.239089912,13.1088755481,0.1,0.23130,0.38772,0.00010,46020.70734,4.32747,1.08529,1.71839,5.00000,0.88657
090529,759.787228507,18.4959836577,0.1,1.06045,0.64250,2.49679,0.35351,5.14031,0.17798,0.43001,6.00000,0.99859
090812,219.750166579,57.2932788003,0.1,0.43692,0.12657,11.45620,2.18941,9.04696,0.26831,13.16464,28.00000,0.99213
090927,1334.29437138,1.41309829449,0.1,0.73666,0.35609,15.98191,2.94808,1.42081,0.06604,21.75774,22.00000,0.47443
091020,59.8453910465,12.89234967,0.1,0.39674,0.03017,23.59263,0.95143,4.29158,0.04194,168.36493,207.00000,0.97717
051016B,112.980872958,2.55832270261,0.1,1.11566,0.13302,9.45368,0.47030,1.91174,0.03440,71.77137,64.00000,0.23598
051109A,164.042051898,56.2765157865,0.1,0.32938,0.03777,6.33922,0.61989,8.96633,0.11215,215.69860,162.00000,0.00306
060223A,6.26329308945,1117.70968956,0.1,0.00100,0.42972,0.00010,4728.93126,39.95908,8544.05820,286.54122,15.00000,0.00000
061110A,5435.35905533,0.166656560183,0.1,1.50000,2.64183,12.92120,3.33505,0.48794,0.04247,0.83678,5.00000,0.97463
070721B,192.661249056,233.656068052,0.1,1.50000,0.83140,5.36649,1.14279,18.27004,1.63217,73.29650,49.00000,0.01385
080319C,338.983050847,749.655006071,0.1,0.73915,0.12271,3.93554,0.73522,32.72515,1.18314,15.95491,34.00000,0.99638
080603B,42.951035026,26.6933710832,0.1,0.56097,0.15359,11.47617,2.01342,6.17522,0.18330,2.50284,31.00000,1.00000
081203A,75.6202843652,29.9699815882,0.1,0.73900,0.07547,24.35703,1.52526,6.54326,0.07299,70.43528,180.00000,1.00000
090429B,13.5820917752,26.7601425179,0.1,1.50000,0.62852,20.00666,3.28585,6.18294,0.38578,10.33083,17.00000,0.88917
090516A,159.097771807,37.2100986617,0.1,1.50000,0.51597,7.23018,0.76881,7.29090,0.17473,150.14064,134.00000,0.16127
091109A,87.049408546,43.9095207374,0.1,0.00726,0.09582,10.45690,56.48530,7.92009,49.73537,3.35952,22.00000,1.00000
091208B,206.776305769,3.61005764383,0.1,0.25414,0.04816,28.36343,3.65358,2.27095,0.04548,45.96497,51.00000,0.67340
100316B,102.69363021,0.654894842366,0.1,1.50000,1.11245,52.79559,13.99224,0.96725,0.05583,4.19824,9.00000,0.89789
100425A,173.73143097,1.37776741032,0.1,0.56135,0.05308,13.64982,1.66094,1.40294,0.05391,13.78166,20.00000,0.84139
100513A,147.459812578,7.70540270358,0.1,0.37847,0.12157,10.73227,2.32490,3.31779,0.18985,16.21820,21.00000,0.75727
100728A,372.026718357,148.021080823,0.1,0.69405,0.05188,5.99401,0.24798,14.54162,0.11327,188.06934,252.00000,0.99904
100814A,246.95065003,38.3689741705,0.1,1.07725,0.11534,1.64552,0.06156,7.40357,0.08165,678.97898,328.00000,0.00000
100816A,1157.56891288,48.6778677622,0.1,0.00100,0.05926,0.07789,2.51384,8.33905,244.93140,13.29341,21.00000,0.89800
100901A,560.200532638,12.0071786349,0.1,1.50000,0.50690,2.87405,0.19809,4.14163,0.07712,631.82798,268.00000,0.00000
110503A,7.63590629533,43.373101684,0.1,0.22424,0.01579,24.83641,2.06680,7.87157,0.05086,324.65246,390.00000,0.99307
110715A,34.6679859605,1749.99968566,0.1,0.00110,0.02387,2.09140,21.96610,50.00000,537.59622,551.19170,258.00000,0.00000
110731A,6.26327132903,95.0894709617,0.1,0.20265,0.01144,100.00000,28.51582,11.65513,0.81198,86.65497,319.00000,1.00000
110808A,338.29992961,0.821198841433,0.1,0.52316,0.11139,10.80449,0.88971,1.08312,0.03803,0.55301,10.00000,0.99999
110818A,363.50761295,12.8168090869,0.1,1.35830,0.55701,13.38881,1.65662,4.27899,0.09488,9.60113,35.00000,0.99999
111123A,264.109788068,8.35715884286,0.1,1.50000,1.00036,9.83884,1.67428,3.45526,0.10380,10.71447,41.00000,1.00000
120724A,452.42679609,851.060368352,0.1,1.50000,5.43361,0.01059,0.41032,34.86833,663.36161,0.48624,4.00000,0.97483
120802A,64.4348505528,13.2229210723,0.1,1.50000,0.47163,7.66632,1.06640,4.34625,0.26010,3.71636,23.00000,1.00000
121024A,303.214069133,12.2097652095,0.1,0.98136,0.38574,8.14245,1.06854,4.17642,0.12588,14.67451,44.00000,0.99999
121211A,311.891915215,2.71385706786,0.1,0.70615,0.25307,12.60092,1.00689,1.96899,0.07970,45.19529,67.00000,0.98120
130408A,132.63765913,118.643256914,0.1,0.42597,0.23958,31.00538,117.70583,13.01885,17.78224,138.99883,48.00000,0.00000
130418A,59.4344787447,461.273563085,0.1,0.45322,0.18223,8.60556,3.08760,25.67026,0.82333,541.85403,93.00000,0.00000
130420A,137.669902489,3.91012246766,0.1,0.30828,0.02695,8.31502,0.63211,2.36345,0.04527,31.74408,85.00000,1.00000
130505A,305.810397554,352.653816481,0.1,0.83795,0.05247,2.11774,0.08864,22.44529,0.25751,209.21395,277.00000,0.99912
130511A,4.34159683932,10.4016769313,0.1,0.05497,0.07179,0.00010,17779.69619,3.85481,1.76255,15.23193,25.00000,0.93579
130514A,217.391304348,119.865627907,0.1,0.49362,0.12745,4.62462,0.63373,13.08574,0.35303,0.11178,26.00000,1.00000
130604A,611.128840677,42.0939196886,0.1,1.50000,inf,1.55519,inf,7.75462,inf,0.00111,0.00000,nan
130606A,144.65499783,73.6993394778,0.1,1.50000,0.84884,6.63554,1.30075,10.26084,0.48453,6.25127,36.00000,1.00000
131030A,131.588310257,52.6007957706,0.1,0.25330,0.02367,11.61919,0.79937,8.66856,0.07140,365.96826,312.00000,0.01907
140213A,143.245047118,67.8817141093,0.1,0.24022,0.04712,4.51182,0.42253,9.84753,0.17921,183.92035,194.00000,0.68682
140419A,63.8070552899,430.730865155,0.1,0.53790,0.02750,4.32764,0.10701,24.80584,0.18091,88.83977,358.00000,1.00000
140423A,46.8371435439,28.8636889351,0.1,0.50292,0.12062,9.22732,0.83538,6.42136,0.12943,51.14124,96.00000,0.99995
140430A,201.849023173,4.86964932155,0.1,1.50000,6.15208,7.80263,5.18940,2.63754,0.56833,168.60103,43.00000,0.00000
140509A,586.841857344,5.49224511948,0.1,1.50000,1.77956,22.54673,9.67603,2.80108,0.38140,7.42095,20.00000,0.99506
140515A,68.4682013152,107.928979928,0.1,1.50000,1.38068,2.71289,0.57914,12.41710,0.88155,56.94192,50.00000,0.23256
140629A,30.534351145,22.8540148125,0.1,0.76655,0.06539,17.02508,0.58408,5.71389,0.08487,43.51897,108.00000,1.00000
140710A,64.1848523748,1.23196172266,0.1,0.27340,0.14148,1.25560,0.94010,1.32663,0.26274,232.00219,21.00000,0.00000
