GRB,Tstart,E051,k,dk,B14,dB14,fmHz,dfmHz,alpha,dalpha,chi2,dof,p-val
050315,138.141837167,12.8831010164,1.50000,0.53684,2.62727,0.21894,4.29004,0.09716,0.00000,0.58680,6.17328,184.00000,1.00000
050318,21.5085024693,7.71321771578,1.50000,5.29955,13.39244,7.27139,3.31947,0.12637,1.00000,3.30533,56.18432,75.00000,0.94865
050401,16.5552366419,139.957269411,0.86467,0.04351,4.66186,0.16827,14.13998,0.22700,0.00000,0.33911,107.18991,318.00000,1.00000
050505,23.888527738,53.5240417636,1.05795,0.55555,5.03380,0.44245,8.74431,0.11423,0.78814,0.79927,183.43465,190.00000,0.62037
050730,50.5409744771,1583.03078239,1.50000,0.66066,1.59387,0.10516,47.55494,0.52418,1.00000,0.48013,2406.84234,527.00000,0.00000
050904,86.5510760604,807.574948701,0.93688,0.41690,1.28817,0.19717,33.96584,3.25720,1.00000,1.90185,2413.66404,206.00000,0.00000
060115,271.582510113,15.8706290138,0.48560,0.18015,6.25235,0.79180,4.76155,0.32149,0.00000,2.27561,9.97881,20.00000,0.96855
060418,145.814479827,49.7111307271,0.30685,0.02297,0.00010,10.24333,8.42709,0.29923,0.00373,0.00000,101.62673,104.00000,0.54756
060512,262.203392311,7.2809168423,0.14273,0.06659,0.00010,1256.51604,3.22511,0.13271,0.02636,0.00000,4.19541,15.00000,0.99702
060522,145.867583983,8.299173648,0.79992,7.68092,27.46713,35.47789,3.44325,2.08247,0.18914,21.62532,1.91955,7.00000,0.96416
060604,58.0967959104,16.9684639898,0.20386,0.14525,2.99352,0.84516,4.92348,0.28869,0.00000,3.60587,248.65089,77.00000,0.00000
060707,271.39152023,25.4473242457,0.59576,0.11795,2.98581,0.28649,6.02937,0.22258,0.00000,1.32149,19.64132,24.00000,0.71698
060926,23.8095238095,7.95383105135,1.50000,0.94234,27.84323,3.65105,3.37085,0.15338,0.00000,1.09241,6.43424,19.00000,0.99667
060927,4.25692226173,26.8202228055,0.63831,0.58349,19.47009,1.74908,6.18988,0.91102,1.00000,3.41940,1.47297,14.00000,0.99999
061007,139.923790273,157.884556202,0.65854,0.02067,58.87607,197.95072,15.01830,36.81543,1.00000,4.16746,697.19026,719.00000,0.71343
070110,298.507462687,21.9252843466,0.57193,0.27209,6.29648,0.79997,5.59659,0.24614,1.00000,1.65908,832.89874,135.00000,0.00000
070518,902.705833221,0.401520299038,0.49514,0.62999,13.85280,3.66526,0.75736,0.09508,0.00000,5.55526,11.97262,7.00000,0.10146
070802,135.575403272,2.11051028899,0.98261,0.93147,15.84387,5.05712,1.73638,0.21316,0.00000,4.61564,14.99601,7.00000,0.03605
071020,3.82156527215,214.864013187,0.12636,0.02474,19.85175,4.06932,17.51995,0.59458,1.00000,1.52455,240.33410,191.00000,0.00894
071117,4.29000429,440.829148729,0.00100,0.14101,0.00012,321.18843,25.09494,1755.67207,0.08501,0.00000,11.87016,25.00000,0.98758
080411,49.2610837438,55.4164723814,0.31649,0.02016,4.88601,0.44243,8.89755,0.14583,1.00000,0.58390,302.61056,397.00000,0.99986
080607,108.048473327,65.2374374189,0.76416,0.11524,14.56154,0.95624,9.65383,0.19939,1.00000,0.66298,72.37059,111.00000,0.99830
080710,54.2005420054,2.71015331575,0.58495,0.26487,21.68131,2.69743,1.96765,0.10587,1.00000,1.65030,80.50501,62.00000,0.05718
080721,5.29294643879,278.17600669,0.74546,0.07460,6.93457,0.08908,19.93475,0.23503,0.00000,0.31913,899.16231,1380.00000,1.00000
080810,123.455585372,25.7035495002,1.21605,14.52207,11.47276,26.75070,6.05965,0.96041,0.24465,15.31767,33.25190,59.00000,0.99728
080928,234.556633636,5.55305860862,0.97641,0.80080,18.25681,1.58107,2.81655,0.17590,1.00000,1.73283,62.27496,73.00000,0.81039
081008,267.721009344,7.85290894728,1.49377,24.13769,14.29594,44.65020,3.34939,0.17022,0.39913,14.73691,28.33065,43.00000,0.95861
090102,8.20296871164,58.202538648,0.44970,0.04188,17.46775,2.97784,9.11847,0.29436,1.00000,0.90537,103.97300,135.00000,0.97803
090423,67.0211958545,48.4905038864,1.50000,2.37223,8.25083,2.33424,8.32299,0.25308,0.20121,1.60079,16.93540,38.00000,0.99876
090519,124.239089912,13.107186868,0.23125,0.43527,0.00015,34719.44514,4.32719,1.21673,0.00560,0.00000,1.71839,4.00000,0.78737
090529,759.787228507,18.5122412324,1.12568,12.98079,2.46394,6.32860,5.14257,0.20456,0.00000,15.45113,0.42863,5.00000,0.99450
090812,219.750166579,55.8835842353,0.38118,0.21005,10.83211,3.97302,8.93497,0.37173,1.00000,3.86635,12.84282,27.00000,0.99021
090927,1334.29437138,1.41490260676,0.76889,4.48040,15.84678,18.02101,1.42172,0.08415,0.00000,12.27450,21.72591,21.00000,0.41545
091020,59.8453910465,12.934937775,0.40387,0.11766,23.61912,0.98127,4.29866,0.12074,0.00000,1.32486,168.07872,206.00000,0.97521
051016B,112.980872958,2.5710913142,1.14491,0.19486,9.42335,0.50480,1.91650,0.04584,0.00000,0.57036,70.42253,63.00000,0.24327
051109A,164.042051898,54.7681585366,0.29427,0.06518,6.09175,0.69481,8.84535,0.21437,0.77717,1.18618,215.20238,161.00000,0.00279
060223A,6.26329308945,1117.74999865,0.00100,0.44478,0.00010,4894.48650,39.95980,8843.95952,0.27114,0.00000,286.54122,14.00000,0.00000
061110A,5435.35905533,0.151592961686,1.50000,47.69880,13.73652,72.54135,0.46536,0.23445,1.00000,21.05380,0.70808,4.00000,0.95033
070721B,192.661249056,185.651688465,1.50000,2.79325,4.65973,1.31199,16.28548,1.10510,1.00000,2.12363,51.29340,48.00000,0.34588
080319C,338.983050847,679.153812263,0.62647,0.11152,3.55321,0.81738,31.14835,2.06411,1.00000,1.15211,15.62049,33.00000,0.99555
080603B,42.951035026,26.8983831652,0.56956,0.42414,11.46015,2.74973,6.19889,1.28744,0.00000,5.49920,2.50240,30.00000,1.00000
081203A,75.6202843652,30.1624121563,0.75503,0.73214,24.48703,2.51211,6.56423,0.72526,0.00000,2.75027,70.21272,179.00000,1.00000
090429B,13.5820917752,26.8071042003,1.50000,0.87571,20.12854,3.41857,6.18837,0.42646,0.00000,1.11769,10.21379,16.00000,0.85523
090516A,159.097771807,34.0784555536,1.25696,0.96568,6.94400,0.82620,6.97736,0.12982,1.00000,0.99133,137.82017,133.00000,0.36964
091109A,87.049408546,40.163508943,0.00778,0.08845,10.59630,50.89672,7.57472,40.82588,1.00000,2.89103,3.15434,21.00000,1.00000
091208B,206.776305769,3.61535153267,0.25994,0.18732,28.30424,3.96370,2.27262,0.07710,0.00000,3.21534,45.91631,50.00000,0.63790
100316B,102.69363021,0.721812762995,1.50000,3.17394,44.89465,12.34388,1.01546,0.13125,1.00000,2.97013,2.99062,8.00000,0.93494
100425A,173.73143097,1.38655069857,0.56549,0.08249,13.61707,1.81877,1.40740,0.09440,0.00000,1.65638,13.65609,19.00000,0.80336
100513A,147.459812578,7.73623163215,0.38695,0.29827,10.73531,2.44379,3.32442,0.45843,0.00000,5.06275,16.14968,20.00000,0.70730
100728A,372.026718357,145.329911515,0.63175,0.13520,5.98084,0.24160,14.40882,0.31939,0.43886,0.79116,187.93645,251.00000,0.99890
100814A,246.95065003,37.4884930719,0.78059,0.08341,1.71459,0.05272,7.31813,0.08102,1.00000,0.29959,630.78085,327.00000,0.00000
100816A,1157.56891288,43.6805855945,0.00112,0.08974,0.08333,4.29971,7.89942,314.84949,1.00000,1424.93867,13.29225,20.00000,0.86450
100901A,560.200532638,11.3575115418,1.15657,1.28044,3.10363,0.66558,4.02803,0.06683,1.00000,1.32471,603.79222,267.00000,0.00000
110503A,7.63590629533,43.4001451334,0.22885,0.03616,24.67366,2.07974,7.87402,0.06385,0.00000,0.92233,323.77572,389.00000,0.99304
110715A,34.6679859605,1749.99998836,0.00108,0.02072,2.08023,19.42352,50.00000,474.95603,1.00000,1.75905,544.06986,257.00000,0.00000
110731A,6.26327132903,94.7069726829,0.20426,0.02419,100.00000,85.60765,11.63167,1.76268,0.00000,2.91224,86.62788,318.00000,1.00000
110808A,338.29992961,0.824180477439,0.53218,0.24440,10.78182,1.13405,1.08508,0.06468,0.00000,2.40354,0.55041,9.00000,0.99995
110818A,363.50761295,12.7949866936,1.23638,25.52397,13.64418,57.54335,4.27534,0.63528,0.21465,25.02990,9.59868,34.00000,0.99999
111123A,264.109788068,7.96307233378,1.22742,3.82223,9.83231,5.23752,3.37281,0.12704,1.00000,3.34246,10.19485,40.00000,1.00000
120724A,452.42679609,851.407579511,1.50000,14.72870,0.01059,1.08194,34.87544,1754.77092,1.00000,4518.62479,0.48620,3.00000,0.92191
120802A,64.4348505528,11.8854009427,1.50000,0.84003,8.49497,5.79815,4.12058,1.41156,0.68667,4.14290,3.70914,22.00000,1.00000
121024A,303.214069133,12.2220565156,1.04446,22.14315,8.03608,37.47512,4.17853,0.42828,0.00000,31.20862,14.67046,43.00000,0.99998
121211A,311.891915215,2.71576941314,0.59136,1.79149,12.93588,4.93987,1.96969,0.07807,0.48132,6.85927,45.18944,66.00000,0.97654
130408A,132.63765913,117.867174105,0.43146,1.10083,30.79486,753.06986,12.97620,107.15072,0.00000,51.54365,138.98618,47.00000,0.00000
130418A,59.4344787447,464.517981446,0.46470,0.48293,8.57441,3.16062,25.76038,3.78167,0.00000,4.16713,541.81021,92.00000,0.00000
130420A,137.669902489,3.81438251343,0.27204,0.05393,8.15458,0.68158,2.33433,0.04912,1.00000,1.14216,31.40093,84.00000,1.00000
130505A,305.810397554,338.907402782,0.65222,0.06666,2.11464,0.07626,22.00349,0.32643,0.90710,0.39672,207.29066,276.00000,0.99927
130511A,4.34159683932,10.4087151681,0.05491,0.07326,0.00022,8251.98278,3.85611,1.80178,0.00178,0.00000,15.23193,24.00000,0.91379
130514A,217.391304348,116.164262653,0.37215,0.26177,4.70119,0.82053,12.88212,0.71459,1.00000,2.70421,0.10994,25.00000,1.00000
130604A,611.128840677,34.1762109525,1.50000,inf,1.90704,inf,6.98736,inf,1.00000,inf,0.00085,-1.00000,nan
130606A,144.65499783,69.5863757838,0.95262,0.84666,6.86506,0.69854,9.97041,0.62047,1.00000,1.95292,6.01142,35.00000,1.00000
131030A,131.588310257,52.6778144329,0.25720,0.04852,11.63104,0.81286,8.67491,0.10134,0.00000,0.93509,365.33925,311.00000,0.01832
140213A,143.245047118,67.8879370157,0.24741,0.18775,4.51020,0.48371,9.84798,0.23992,0.00000,3.05414,183.53873,193.00000,0.67566
140419A,63.8070552899,417.313875071,0.45597,0.05953,4.29687,0.11444,24.41644,0.28490,0.82208,0.55807,88.38307,357.00000,1.00000
140423A,46.8371435439,28.9915285383,0.51871,1.08177,9.20204,2.13012,6.43556,0.92472,0.00000,6.51629,51.13252,95.00000,0.99993
140430A,201.849023173,4.36991584273,1.50000,60.46095,8.29405,55.96516,2.49855,1.30675,1.00000,28.60008,166.47787,42.00000,0.00000
140509A,586.841857344,4.53226206202,1.50000,8.61375,19.93392,17.00206,2.54454,0.24956,1.00000,5.71392,5.05992,19.00000,0.99938
140515A,68.4682013152,99.6049150603,1.50000,2.04876,2.83378,0.69745,11.92865,0.72725,1.00000,1.80353,53.64039,49.00000,0.30097
140629A,30.534351145,21.9990558519,0.65971,0.11273,16.33090,0.65371,5.60600,0.11993,1.00000,0.66161,39.55837,107.00000,1.00000
140710A,64.1848523748,1.22933104571,0.27254,0.18485,1.24374,1.94929,1.32521,0.30403,1.00000,75.44311,231.86554,20.00000,0.00000
